0.0259723 0.0381643 0.0787911 0.208143 0.36474 0.156184 0.0387008 0.0180574 0.0712469 1
0.0268072 0.0409403 0.0812928 0.203936 0.352678 0.153429 0.0430803 0.0210986 0.0767385 1
0.0293963 0.0454373 0.0837433 0.196572 0.337921 0.152751 0.0459165 0.024411 0.0838518 1
0.0296495 0.046884 0.0843521 0.191846 0.334548 0.151581 0.0484604 0.0261984 0.08648 1
0.0279677 0.0433937 0.0824803 0.200931 0.345311 0.150134 0.0445662 0.0227865 0.0824291 1
0.0283505 0.042167 0.0822633 0.211293 0.356005 0.144016 0.0395206 0.0190158 0.0773685 1
0.0282721 0.041962 0.0811873 0.212237 0.365518 0.141348 0.0372812 0.0173038 0.0748909 1
0.026964 0.0390384 0.0771635 0.216779 0.384708 0.138521 0.0344449 0.0155044 0.0668764 1
0.0264275 0.0386375 0.0814284 0.207061 0.3569 0.156461 0.0403586 0.0191846 0.0735406 1
0.0270423 0.0414919 0.0823658 0.195551 0.346999 0.1587 0.0447199 0.0217165 0.0814134 1
0.0291281 0.0465676 0.085621 0.193308 0.330325 0.152823 0.0476707 0.0251224 0.0894338 1
0.0291311 0.0473 0.0841893 0.189643 0.33129 0.153094 0.0493013 0.0266837 0.0893675 1
0.0288026 0.046447 0.0837764 0.199047 0.338584 0.150689 0.0453318 0.0234887 0.0838337 1
0.0298394 0.0440357 0.0827396 0.206404 0.346692 0.147021 0.0409734 0.0207128 0.0815822 1
0.0294084 0.0440448 0.083472 0.209084 0.351339 0.144293 0.0400119 0.0193323 0.0790142 1
0.0287785 0.042601 0.080904 0.216562 0.358353 0.141499 0.0382216 0.0180845 0.0749964 1
0.0281907 0.0409945 0.0846806 0.200467 0.352087 0.155587 0.0416787 0.0188591 0.0774559 1
0.0295109 0.0433214 0.0858652 0.195635 0.337327 0.154059 0.0454343 0.0223796 0.086468 1
0.02996 0.0475743 0.0866729 0.184893 0.323245 0.155454 0.0505311 0.0264395 0.0952299 1
0.0313434 0.0502538 0.0883819 0.18281 0.315131 0.152962 0.0516131 0.0290859 0.0984188 1
0.0285343 0.0464802 0.0826341 0.190237 0.332453 0.15468 0.0489125 0.0259452 0.0901241 1
0.029321 0.0453288 0.0829385 0.196153 0.339774 0.152754 0.0453981 0.0231783 0.0851538 1
0.0289804 0.0440357 0.0818293 0.200274 0.348404 0.150285 0.0435595 0.0203993 0.0822332 1
0.029535 0.0439634 0.0822151 0.210365 0.354739 0.142714 0.0399095 0.0187627 0.0777965 1
0.0279888 0.0411965 0.0860731 0.197938 0.347979 0.154104 0.043888 0.0197754 0.0810577 1
0.0285313 0.0437494 0.0861244 0.188142 0.335922 0.156985 0.0480053 0.0232597 0.0892801 1
0.0308913 0.0488462 0.0875561 0.181315 0.32024 0.154378 0.0513389 0.026976 0.098458 1
0.0314339 0.0516583 0.0881679 0.178488 0.31171 0.152678 0.0537772 0.0298575 0.102229 1
0.0311807 0.0492411 0.0878695 0.183741 0.318486 0.153266 0.0501061 0.0273046 0.0988046 1
0.0299931 0.0466098 0.0866096 0.193359 0.328948 0.152365 0.0471734 0.0238354 0.0911067 1
0.0287423 0.0448284 0.0822603 0.199806 0.346146 0.150674 0.0435957 0.0210503 0.0828963 1
0.0291492 0.0417872 0.0807623 0.210588 0.35684 0.145619 0.0395327 0.0185969 0.0771243 1
0.0268464 0.0411181 0.0853648 0.191482 0.349374 0.155605 0.0471613 0.0204114 0.0826371 1
0.0294596 0.0454765 0.0885266 0.189721 0.3299 0.152124 0.0495545 0.0240735 0.0911639 1
0.0306683 0.0493737 0.089036 0.180188 0.315312 0.154032 0.0536868 0.0276391 0.100065 1
0.0314218 0.0506637 0.0884543 0.180453 0.314317 0.153685 0.0524541 0.0282872 0.100263 1
0.0314007 0.0487347 0.087547 0.186743 0.316479 0.153025 0.0495847 0.0270454 0.0994406 1
0.0305537 0.0452836 0.0861244 0.193218 0.327769 0.154951 0.0462993 0.0238263 0.0919747 1
0.0281756 0.0427879 0.0831254 0.201868 0.345914 0.151702 0.0431586 0.0202064 0.0830621 1
0.0277356 0.0403797 0.0807563 0.210398 0.357594 0.149076 0.0397497 0.0184341 0.0758765 1
0.0259723 0.0381643 0.0787911 0.208143 0.36474 0.156184 0.0387008 0.0180574 0.0712469 1
0.0268072 0.0409403 0.0812928 0.203936 0.352678 0.153429 0.0430803 0.0210986 0.0767385 1
0.0293963 0.0454373 0.0837433 0.196572 0.337921 0.152751 0.0459165 0.024411 0.0838518 1
0.0296495 0.046884 0.0843521 0.191846 0.334548 0.151581 0.0484604 0.0261984 0.08648 1
0.0279677 0.0433937 0.0824803 0.200931 0.345311 0.150134 0.0445662 0.0227865 0.0824291 1
0.0283505 0.042167 0.0822633 0.211293 0.356005 0.144016 0.0395206 0.0190158 0.0773685 1
0.0282721 0.041962 0.0811873 0.212237 0.365518 0.141348 0.0372812 0.0173038 0.0748909 1
0.026964 0.0390384 0.0771635 0.216779 0.384708 0.138521 0.0344449 0.0155044 0.0668764 1
0.0264275 0.0386375 0.0814284 0.207061 0.3569 0.156461 0.0403586 0.0191846 0.0735406 1
0.0270423 0.0414919 0.0823658 0.195551 0.346999 0.1587 0.0447199 0.0217165 0.0814134 1
0.0291281 0.0465676 0.085621 0.193308 0.330325 0.152823 0.0476707 0.0251224 0.0894338 1
0.0291311 0.0473 0.0841893 0.189643 0.33129 0.153094 0.0493013 0.0266837 0.0893675 1
0.0288026 0.046447 0.0837764 0.199047 0.338584 0.150689 0.0453318 0.0234887 0.0838337 1
0.0298394 0.0440357 0.0827396 0.206404 0.346692 0.147021 0.0409734 0.0207128 0.0815822 1
0.0294084 0.0440448 0.083472 0.209084 0.351339 0.144293 0.0400119 0.0193323 0.0790142 1
0.0287785 0.042601 0.080904 0.216562 0.358353 0.141499 0.0382216 0.0180845 0.0749964 1
0.0281907 0.0409945 0.0846806 0.200467 0.352087 0.155587 0.0416787 0.0188591 0.0774559 1
0.0295109 0.0433214 0.0858652 0.195635 0.337327 0.154059 0.0454343 0.0223796 0.086468 1
0.02996 0.0475743 0.0866729 0.184893 0.323245 0.155454 0.0505311 0.0264395 0.0952299 1
0.0313434 0.0502538 0.0883819 0.18281 0.315131 0.152962 0.0516131 0.0290859 0.0984188 1
0.0285343 0.0464802 0.0826341 0.190237 0.332453 0.15468 0.0489125 0.0259452 0.0901241 1
0.029321 0.0453288 0.0829385 0.196153 0.339774 0.152754 0.0453981 0.0231783 0.0851538 1
0.0289804 0.0440357 0.0818293 0.200274 0.348404 0.150285 0.0435595 0.0203993 0.0822332 1
0.029535 0.0439634 0.0822151 0.210365 0.354739 0.142714 0.0399095 0.0187627 0.0777965 1
0.0279888 0.0411965 0.0860731 0.197938 0.347979 0.154104 0.043888 0.0197754 0.0810577 1
0.0285313 0.0437494 0.0861244 0.188142 0.335922 0.156985 0.0480053 0.0232597 0.0892801 1
0.0308913 0.0488462 0.0875561 0.181315 0.32024 0.154378 0.0513389 0.026976 0.098458 1
0.0314339 0.0516583 0.0881679 0.178488 0.31171 0.152678 0.0537772 0.0298575 0.102229 1
0.0311807 0.0492411 0.0878695 0.183741 0.318486 0.153266 0.0501061 0.0273046 0.0988046 1
0.0299931 0.0466098 0.0866096 0.193359 0.328948 0.152365 0.0471734 0.0238354 0.0911067 1
0.0287423 0.0448284 0.0822603 0.199806 0.346146 0.150674 0.0435957 0.0210503 0.0828963 1
0.0291492 0.0417872 0.0807623 0.210588 0.35684 0.145619 0.0395327 0.0185969 0.0771243 1
0.0268464 0.0411181 0.0853648 0.191482 0.349374 0.155605 0.0471613 0.0204114 0.0826371 1
0.0294596 0.0454765 0.0885266 0.189721 0.3299 0.152124 0.0495545 0.0240735 0.0911639 1
0.0306683 0.0493737 0.089036 0.180188 0.315312 0.154032 0.0536868 0.0276391 0.100065 1
0.0314218 0.0506637 0.0884543 0.180453 0.314317 0.153685 0.0524541 0.0282872 0.100263 1
0.0314007 0.0487347 0.087547 0.186743 0.316479 0.153025 0.0495847 0.0270454 0.0994406 1
0.0305537 0.0452836 0.0861244 0.193218 0.327769 0.154951 0.0462993 0.0238263 0.0919747 1
0.0281756 0.0427879 0.0831254 0.201868 0.345914 0.151702 0.0431586 0.0202064 0.0830621 1
0.0277356 0.0403797 0.0807563 0.210398 0.357594 0.149076 0.0397497 0.0184341 0.0758765 1
0.0259723 0.0381643 0.0787911 0.208143 0.36474 0.156184 0.0387008 0.0180574 0.0712469 1
0.0268072 0.0409403 0.0812928 0.203936 0.352678 0.153429 0.0430803 0.0210986 0.0767385 1
0.0293963 0.0454373 0.0837433 0.196572 0.337921 0.152751 0.0459165 0.024411 0.0838518 1
0.0296495 0.046884 0.0843521 0.191846 0.334548 0.151581 0.0484604 0.0261984 0.08648 1
0.0279677 0.0433937 0.0824803 0.200931 0.345311 0.150134 0.0445662 0.0227865 0.0824291 1
0.0283505 0.042167 0.0822633 0.211293 0.356005 0.144016 0.0395206 0.0190158 0.0773685 1
0.0282721 0.041962 0.0811873 0.212237 0.365518 0.141348 0.0372812 0.0173038 0.0748909 1
0.026964 0.0390384 0.0771635 0.216779 0.384708 0.138521 0.0344449 0.0155044 0.0668764 1
0.0264275 0.0386375 0.0814284 0.207061 0.3569 0.156461 0.0403586 0.0191846 0.0735406 1
0.0270423 0.0414919 0.0823658 0.195551 0.346999 0.1587 0.0447199 0.0217165 0.0814134 1
0.0291281 0.0465676 0.085621 0.193308 0.330325 0.152823 0.0476707 0.0251224 0.0894338 1
0.0291311 0.0473 0.0841893 0.189643 0.33129 0.153094 0.0493013 0.0266837 0.0893675 1
0.0288026 0.046447 0.0837764 0.199047 0.338584 0.150689 0.0453318 0.0234887 0.0838337 1
0.0298394 0.0440357 0.0827396 0.206404 0.346692 0.147021 0.0409734 0.0207128 0.0815822 1
0.0294084 0.0440448 0.083472 0.209084 0.351339 0.144293 0.0400119 0.0193323 0.0790142 1
0.0287785 0.042601 0.080904 0.216562 0.358353 0.141499 0.0382216 0.0180845 0.0749964 1
0.0281907 0.0409945 0.0846806 0.200467 0.352087 0.155587 0.0416787 0.0188591 0.0774559 1
0.0295109 0.0433214 0.0858652 0.195635 0.337327 0.154059 0.0454343 0.0223796 0.086468 1
0.02996 0.0475743 0.0866729 0.184893 0.323245 0.155454 0.0505311 0.0264395 0.0952299 1
0.0313434 0.0502538 0.0883819 0.18281 0.315131 0.152962 0.0516131 0.0290859 0.0984188 1
0.0285343 0.0464802 0.0826341 0.190237 0.332453 0.15468 0.0489125 0.0259452 0.0901241 1
0.029321 0.0453288 0.0829385 0.196153 0.339774 0.152754 0.0453981 0.0231783 0.0851538 1
0.0289804 0.0440357 0.0818293 0.200274 0.348404 0.150285 0.0435595 0.0203993 0.0822332 1
0.029535 0.0439634 0.0822151 0.210365 0.354739 0.142714 0.0399095 0.0187627 0.0777965 1
0.0279888 0.0411965 0.0860731 0.197938 0.347979 0.154104 0.043888 0.0197754 0.0810577 1
0.0285313 0.0437494 0.0861244 0.188142 0.335922 0.156985 0.0480053 0.0232597 0.0892801 1
0.0308913 0.0488462 0.0875561 0.181315 0.32024 0.154378 0.0513389 0.026976 0.098458 1
0.0314339 0.0516583 0.0881679 0.178488 0.31171 0.152678 0.0537772 0.0298575 0.102229 1
0.0311807 0.0492411 0.0878695 0.183741 0.318486 0.153266 0.0501061 0.0273046 0.0988046 1
0.0299931 0.0466098 0.0866096 0.193359 0.328948 0.152365 0.0471734 0.0238354 0.0911067 1
0.0287423 0.0448284 0.0822603 0.199806 0.346146 0.150674 0.0435957 0.0210503 0.0828963 1
0.0291492 0.0417872 0.0807623 0.210588 0.35684 0.145619 0.0395327 0.0185969 0.0771243 1
0.0268464 0.0411181 0.0853648 0.191482 0.349374 0.155605 0.0471613 0.0204114 0.0826371 1
0.0294596 0.0454765 0.0885266 0.189721 0.3299 0.152124 0.0495545 0.0240735 0.0911639 1
0.0306683 0.0493737 0.089036 0.180188 0.315312 0.154032 0.0536868 0.0276391 0.100065 1
0.0314218 0.0506637 0.0884543 0.180453 0.314317 0.153685 0.0524541 0.0282872 0.100263 1
0.0314007 0.0487347 0.087547 0.186743 0.316479 0.153025 0.0495847 0.0270454 0.0994406 1
0.0305537 0.0452836 0.0861244 0.193218 0.327769 0.154951 0.0462993 0.0238263 0.0919747 1
0.0281756 0.0427879 0.0831254 0.201868 0.345914 0.151702 0.0431586 0.0202064 0.0830621 1
0.0277356 0.0403797 0.0807563 0.210398 0.357594 0.149076 0.0397497 0.0184341 0.0758765 1
0.0259723 0.0381643 0.0787911 0.208143 0.36474 0.156184 0.0387008 0.0180574 0.0712469 1
0.0268072 0.0409403 0.0812928 0.203936 0.352678 0.153429 0.0430803 0.0210986 0.0767385 1
0.0293963 0.0454373 0.0837433 0.196572 0.337921 0.152751 0.0459165 0.024411 0.0838518 1
0.0296495 0.046884 0.0843521 0.191846 0.334548 0.151581 0.0484604 0.0261984 0.08648 1
0.0279677 0.0433937 0.0824803 0.200931 0.345311 0.150134 0.0445662 0.0227865 0.0824291 1
0.0283505 0.042167 0.0822633 0.211293 0.356005 0.144016 0.0395206 0.0190158 0.0773685 1
0.0282721 0.041962 0.0811873 0.212237 0.365518 0.141348 0.0372812 0.0173038 0.0748909 1
0.026964 0.0390384 0.0771635 0.216779 0.384708 0.138521 0.0344449 0.0155044 0.0668764 1
0.0264275 0.0386375 0.0814284 0.207061 0.3569 0.156461 0.0403586 0.0191846 0.0735406 1
0.0270423 0.0414919 0.0823658 0.195551 0.346999 0.1587 0.0447199 0.0217165 0.0814134 1
0.0291281 0.0465676 0.085621 0.193308 0.330325 0.152823 0.0476707 0.0251224 0.0894338 1
0.0291311 0.0473 0.0841893 0.189643 0.33129 0.153094 0.0493013 0.0266837 0.0893675 1
0.0288026 0.046447 0.0837764 0.199047 0.338584 0.150689 0.0453318 0.0234887 0.0838337 1
0.0298394 0.0440357 0.0827396 0.206404 0.346692 0.147021 0.0409734 0.0207128 0.0815822 1
0.0294084 0.0440448 0.083472 0.209084 0.351339 0.144293 0.0400119 0.0193323 0.0790142 1
0.0287785 0.042601 0.080904 0.216562 0.358353 0.141499 0.0382216 0.0180845 0.0749964 1
0.0281907 0.0409945 0.0846806 0.200467 0.352087 0.155587 0.0416787 0.0188591 0.0774559 1
0.0295109 0.0433214 0.0858652 0.195635 0.337327 0.154059 0.0454343 0.0223796 0.086468 1
0.02996 0.0475743 0.0866729 0.184893 0.323245 0.155454 0.0505311 0.0264395 0.0952299 1
0.0313434 0.0502538 0.0883819 0.18281 0.315131 0.152962 0.0516131 0.0290859 0.0984188 1
0.0285343 0.0464802 0.0826341 0.190237 0.332453 0.15468 0.0489125 0.0259452 0.0901241 1
0.029321 0.0453288 0.0829385 0.196153 0.339774 0.152754 0.0453981 0.0231783 0.0851538 1
0.0289804 0.0440357 0.0818293 0.200274 0.348404 0.150285 0.0435595 0.0203993 0.0822332 1
0.029535 0.0439634 0.0822151 0.210365 0.354739 0.142714 0.0399095 0.0187627 0.0777965 1
0.0279888 0.0411965 0.0860731 0.197938 0.347979 0.154104 0.043888 0.0197754 0.0810577 1
0.0285313 0.0437494 0.0861244 0.188142 0.335922 0.156985 0.0480053 0.0232597 0.0892801 1
0.0308913 0.0488462 0.0875561 0.181315 0.32024 0.154378 0.0513389 0.026976 0.098458 1
0.0314339 0.0516583 0.0881679 0.178488 0.31171 0.152678 0.0537772 0.0298575 0.102229 1
0.0311807 0.0492411 0.0878695 0.183741 0.318486 0.153266 0.0501061 0.0273046 0.0988046 1
0.0299931 0.0466098 0.0866096 0.193359 0.328948 0.152365 0.0471734 0.0238354 0.0911067 1
0.0287423 0.0448284 0.0822603 0.199806 0.346146 0.150674 0.0435957 0.0210503 0.0828963 1
0.0291492 0.0417872 0.0807623 0.210588 0.35684 0.145619 0.0395327 0.0185969 0.0771243 1
0.0268464 0.0411181 0.0853648 0.191482 0.349374 0.155605 0.0471613 0.0204114 0.0826371 1
0.0294596 0.0454765 0.0885266 0.189721 0.3299 0.152124 0.0495545 0.0240735 0.0911639 1
0.0306683 0.0493737 0.089036 0.180188 0.315312 0.154032 0.0536868 0.0276391 0.100065 1
0.0314218 0.0506637 0.0884543 0.180453 0.314317 0.153685 0.0524541 0.0282872 0.100263 1
0.0314007 0.0487347 0.087547 0.186743 0.316479 0.153025 0.0495847 0.0270454 0.0994406 1
0.0305537 0.0452836 0.0861244 0.193218 0.327769 0.154951 0.0462993 0.0238263 0.0919747 1
0.0281756 0.0427879 0.0831254 0.201868 0.345914 0.151702 0.0431586 0.0202064 0.0830621 1
0.0277356 0.0403797 0.0807563 0.210398 0.357594 0.149076 0.0397497 0.0184341 0.0758765 1
0.0259723 0.0381643 0.0787911 0.208143 0.36474 0.156184 0.0387008 0.0180574 0.0712469 1
0.0268072 0.0409403 0.0812928 0.203936 0.352678 0.153429 0.0430803 0.0210986 0.0767385 1
0.0293963 0.0454373 0.0837433 0.196572 0.337921 0.152751 0.0459165 0.024411 0.0838518 1
0.0296495 0.046884 0.0843521 0.191846 0.334548 0.151581 0.0484604 0.0261984 0.08648 1
0.0279677 0.0433937 0.0824803 0.200931 0.345311 0.150134 0.0445662 0.0227865 0.0824291 1
0.0283505 0.042167 0.0822633 0.211293 0.356005 0.144016 0.0395206 0.0190158 0.0773685 1
0.0282721 0.041962 0.0811873 0.212237 0.365518 0.141348 0.0372812 0.0173038 0.0748909 1
0.026964 0.0390384 0.0771635 0.216779 0.384708 0.138521 0.0344449 0.0155044 0.0668764 1
0.0264275 0.0386375 0.0814284 0.207061 0.3569 0.156461 0.0403586 0.0191846 0.0735406 1
0.0270423 0.0414919 0.0823658 0.195551 0.346999 0.1587 0.0447199 0.0217165 0.0814134 1
0.0291281 0.0465676 0.085621 0.193308 0.330325 0.152823 0.0476707 0.0251224 0.0894338 1
0.0291311 0.0473 0.0841893 0.189643 0.33129 0.153094 0.0493013 0.0266837 0.0893675 1
0.0288026 0.046447 0.0837764 0.199047 0.338584 0.150689 0.0453318 0.0234887 0.0838337 1
0.0298394 0.0440357 0.0827396 0.206404 0.346692 0.147021 0.0409734 0.0207128 0.0815822 1
0.0294084 0.0440448 0.083472 0.209084 0.351339 0.144293 0.0400119 0.0193323 0.0790142 1
0.0287785 0.042601 0.080904 0.216562 0.358353 0.141499 0.0382216 0.0180845 0.0749964 1
0.0281907 0.0409945 0.0846806 0.200467 0.352087 0.155587 0.0416787 0.0188591 0.0774559 1
0.0295109 0.0433214 0.0858652 0.195635 0.337327 0.154059 0.0454343 0.0223796 0.086468 1
0.02996 0.0475743 0.0866729 0.184893 0.323245 0.155454 0.0505311 0.0264395 0.0952299 1
0.0313434 0.0502538 0.0883819 0.18281 0.315131 0.152962 0.0516131 0.0290859 0.0984188 1
0.0285343 0.0464802 0.0826341 0.190237 0.332453 0.15468 0.0489125 0.0259452 0.0901241 1
0.029321 0.0453288 0.0829385 0.196153 0.339774 0.152754 0.0453981 0.0231783 0.0851538 1
0.0289804 0.0440357 0.0818293 0.200274 0.348404 0.150285 0.0435595 0.0203993 0.0822332 1
0.029535 0.0439634 0.0822151 0.210365 0.354739 0.142714 0.0399095 0.0187627 0.0777965 1
0.0279888 0.0411965 0.0860731 0.197938 0.347979 0.154104 0.043888 0.0197754 0.0810577 1
0.0285313 0.0437494 0.0861244 0.188142 0.335922 0.156985 0.0480053 0.0232597 0.0892801 1
0.0308913 0.0488462 0.0875561 0.181315 0.32024 0.154378 0.0513389 0.026976 0.098458 1
0.0314339 0.0516583 0.0881679 0.178488 0.31171 0.152678 0.0537772 0.0298575 0.102229 1
0.0311807 0.0492411 0.0878695 0.183741 0.318486 0.153266 0.0501061 0.0273046 0.0988046 1
0.0299931 0.0466098 0.0866096 0.193359 0.328948 0.152365 0.0471734 0.0238354 0.0911067 1
0.0287423 0.0448284 0.0822603 0.199806 0.346146 0.150674 0.0435957 0.0210503 0.0828963 1
0.0291492 0.0417872 0.0807623 0.210588 0.35684 0.145619 0.0395327 0.0185969 0.0771243 1
0.0268464 0.0411181 0.0853648 0.191482 0.349374 0.155605 0.0471613 0.0204114 0.0826371 1
0.0294596 0.0454765 0.0885266 0.189721 0.3299 0.152124 0.0495545 0.0240735 0.0911639 1
0.0306683 0.0493737 0.089036 0.180188 0.315312 0.154032 0.0536868 0.0276391 0.100065 1
0.0314218 0.0506637 0.0884543 0.180453 0.314317 0.153685 0.0524541 0.0282872 0.100263 1
0.0314007 0.0487347 0.087547 0.186743 0.316479 0.153025 0.0495847 0.0270454 0.0994406 1
0.0305537 0.0452836 0.0861244 0.193218 0.327769 0.154951 0.0462993 0.0238263 0.0919747 1
0.0281756 0.0427879 0.0831254 0.201868 0.345914 0.151702 0.0431586 0.0202064 0.0830621 1
0.0277356 0.0403797 0.0807563 0.210398 0.357594 0.149076 0.0397497 0.0184341 0.0758765 1
0.0259723 0.0381643 0.0787911 0.208143 0.36474 0.156184 0.0387008 0.0180574 0.0712469 1
0.0268072 0.0409403 0.0812928 0.203936 0.352678 0.153429 0.0430803 0.0210986 0.0767385 1
0.0293963 0.0454373 0.0837433 0.196572 0.337921 0.152751 0.0459165 0.024411 0.0838518 1
0.0296495 0.046884 0.0843521 0.191846 0.334548 0.151581 0.0484604 0.0261984 0.08648 1
0.0279677 0.0433937 0.0824803 0.200931 0.345311 0.150134 0.0445662 0.0227865 0.0824291 1
0.0283505 0.042167 0.0822633 0.211293 0.356005 0.144016 0.0395206 0.0190158 0.0773685 1
0.0282721 0.041962 0.0811873 0.212237 0.365518 0.141348 0.0372812 0.0173038 0.0748909 1
0.026964 0.0390384 0.0771635 0.216779 0.384708 0.138521 0.0344449 0.0155044 0.0668764 1
0.0264275 0.0386375 0.0814284 0.207061 0.3569 0.156461 0.0403586 0.0191846 0.0735406 1
0.0270423 0.0414919 0.0823658 0.195551 0.346999 0.1587 0.0447199 0.0217165 0.0814134 1
0.0291281 0.0465676 0.085621 0.193308 0.330325 0.152823 0.0476707 0.0251224 0.0894338 1
0.0291311 0.0473 0.0841893 0.189643 0.33129 0.153094 0.0493013 0.0266837 0.0893675 1
0.0288026 0.046447 0.0837764 0.199047 0.338584 0.150689 0.0453318 0.0234887 0.0838337 1
0.0298394 0.0440357 0.0827396 0.206404 0.346692 0.147021 0.0409734 0.0207128 0.0815822 1
0.0294084 0.0440448 0.083472 0.209084 0.351339 0.144293 0.0400119 0.0193323 0.0790142 1
0.0287785 0.042601 0.080904 0.216562 0.358353 0.141499 0.0382216 0.0180845 0.0749964 1
0.0281907 0.0409945 0.0846806 0.200467 0.352087 0.155587 0.0416787 0.0188591 0.0774559 1
0.0295109 0.0433214 0.0858652 0.195635 0.337327 0.154059 0.0454343 0.0223796 0.086468 1
0.02996 0.0475743 0.0866729 0.184893 0.323245 0.155454 0.0505311 0.0264395 0.0952299 1
0.0313434 0.0502538 0.0883819 0.18281 0.315131 0.152962 0.0516131 0.0290859 0.0984188 1
0.0285343 0.0464802 0.0826341 0.190237 0.332453 0.15468 0.0489125 0.0259452 0.0901241 1
0.029321 0.0453288 0.0829385 0.196153 0.339774 0.152754 0.0453981 0.0231783 0.0851538 1
0.0289804 0.0440357 0.0818293 0.200274 0.348404 0.150285 0.0435595 0.0203993 0.0822332 1
0.029535 0.0439634 0.0822151 0.210365 0.354739 0.142714 0.0399095 0.0187627 0.0777965 1
0.0279888 0.0411965 0.0860731 0.197938 0.347979 0.154104 0.043888 0.0197754 0.0810577 1
0.0285313 0.0437494 0.0861244 0.188142 0.335922 0.156985 0.0480053 0.0232597 0.0892801 1
0.0308913 0.0488462 0.0875561 0.181315 0.32024 0.154378 0.0513389 0.026976 0.098458 1
0.0314339 0.0516583 0.0881679 0.178488 0.31171 0.152678 0.0537772 0.0298575 0.102229 1
0.0311807 0.0492411 0.0878695 0.183741 0.318486 0.153266 0.0501061 0.0273046 0.0988046 1
0.0299931 0.0466098 0.0866096 0.193359 0.328948 0.152365 0.0471734 0.0238354 0.0911067 1
0.0287423 0.0448284 0.0822603 0.199806 0.346146 0.150674 0.0435957 0.0210503 0.0828963 1
0.0291492 0.0417872 0.0807623 0.210588 0.35684 0.145619 0.0395327 0.0185969 0.0771243 1
0.0268464 0.0411181 0.0853648 0.191482 0.349374 0.155605 0.0471613 0.0204114 0.0826371 1
0.0294596 0.0454765 0.0885266 0.189721 0.3299 0.152124 0.0495545 0.0240735 0.0911639 1
0.0306683 0.0493737 0.089036 0.180188 0.315312 0.154032 0.0536868 0.0276391 0.100065 1
0.0314218 0.0506637 0.0884543 0.180453 0.314317 0.153685 0.0524541 0.0282872 0.100263 1
0.0314007 0.0487347 0.087547 0.186743 0.316479 0.153025 0.0495847 0.0270454 0.0994406 1
0.0305537 0.0452836 0.0861244 0.193218 0.327769 0.154951 0.0462993 0.0238263 0.0919747 1
0.0281756 0.0427879 0.0831254 0.201868 0.345914 0.151702 0.0431586 0.0202064 0.0830621 1
0.0277356 0.0403797 0.0807563 0.210398 0.357594 0.149076 0.0397497 0.0184341 0.0758765 1
0.0259723 0.0381643 0.0787911 0.208143 0.36474 0.156184 0.0387008 0.0180574 0.0712469 1
0.0268072 0.0409403 0.0812928 0.203936 0.352678 0.153429 0.0430803 0.0210986 0.0767385 1
0.0293963 0.0454373 0.0837433 0.196572 0.337921 0.152751 0.0459165 0.024411 0.0838518 1
0.0296495 0.046884 0.0843521 0.191846 0.334548 0.151581 0.0484604 0.0261984 0.08648 1
0.0279677 0.0433937 0.0824803 0.200931 0.345311 0.150134 0.0445662 0.0227865 0.0824291 1
0.0283505 0.042167 0.0822633 0.211293 0.356005 0.144016 0.0395206 0.0190158 0.0773685 1
0.0282721 0.041962 0.0811873 0.212237 0.365518 0.141348 0.0372812 0.0173038 0.0748909 1
0.026964 0.0390384 0.0771635 0.216779 0.384708 0.138521 0.0344449 0.0155044 0.0668764 1
0.0264275 0.0386375 0.0814284 0.207061 0.3569 0.156461 0.0403586 0.0191846 0.0735406 1
0.0270423 0.0414919 0.0823658 0.195551 0.346999 0.1587 0.0447199 0.0217165 0.0814134 1
0.0291281 0.0465676 0.085621 0.193308 0.330325 0.152823 0.0476707 0.0251224 0.0894338 1
0.0291311 0.0473 0.0841893 0.189643 0.33129 0.153094 0.0493013 0.0266837 0.0893675 1
0.0288026 0.046447 0.0837764 0.199047 0.338584 0.150689 0.0453318 0.0234887 0.0838337 1
0.0298394 0.0440357 0.0827396 0.206404 0.346692 0.147021 0.0409734 0.0207128 0.0815822 1
0.0294084 0.0440448 0.083472 0.209084 0.351339 0.144293 0.0400119 0.0193323 0.0790142 1
0.0287785 0.042601 0.080904 0.216562 0.358353 0.141499 0.0382216 0.0180845 0.0749964 1
0.0281907 0.0409945 0.0846806 0.200467 0.352087 0.155587 0.0416787 0.0188591 0.0774559 1
0.0295109 0.0433214 0.0858652 0.195635 0.337327 0.154059 0.0454343 0.0223796 0.086468 1
0.02996 0.0475743 0.0866729 0.184893 0.323245 0.155454 0.0505311 0.0264395 0.0952299 1
0.0313434 0.0502538 0.0883819 0.18281 0.315131 0.152962 0.0516131 0.0290859 0.0984188 1
0.0285343 0.0464802 0.0826341 0.190237 0.332453 0.15468 0.0489125 0.0259452 0.0901241 1
0.029321 0.0453288 0.0829385 0.196153 0.339774 0.152754 0.0453981 0.0231783 0.0851538 1
0.0289804 0.0440357 0.0818293 0.200274 0.348404 0.150285 0.0435595 0.0203993 0.0822332 1
0.029535 0.0439634 0.0822151 0.210365 0.354739 0.142714 0.0399095 0.0187627 0.0777965 1
0.0279888 0.0411965 0.0860731 0.197938 0.347979 0.154104 0.043888 0.0197754 0.0810577 1
0.0285313 0.0437494 0.0861244 0.188142 0.335922 0.156985 0.0480053 0.0232597 0.0892801 1
0.0308913 0.0488462 0.0875561 0.181315 0.32024 0.154378 0.0513389 0.026976 0.098458 1
0.0314339 0.0516583 0.0881679 0.178488 0.31171 0.152678 0.0537772 0.0298575 0.102229 1
0.0311807 0.0492411 0.0878695 0.183741 0.318486 0.153266 0.0501061 0.0273046 0.0988046 1
0.0299931 0.0466098 0.0866096 0.193359 0.328948 0.152365 0.0471734 0.0238354 0.0911067 1
0.0287423 0.0448284 0.0822603 0.199806 0.346146 0.150674 0.0435957 0.0210503 0.0828963 1
0.0291492 0.0417872 0.0807623 0.210588 0.35684 0.145619 0.0395327 0.0185969 0.0771243 1
0.0268464 0.0411181 0.0853648 0.191482 0.349374 0.155605 0.0471613 0.0204114 0.0826371 1
0.0294596 0.0454765 0.0885266 0.189721 0.3299 0.152124 0.0495545 0.0240735 0.0911639 1
0.0306683 0.0493737 0.089036 0.180188 0.315312 0.154032 0.0536868 0.0276391 0.100065 1
0.0314218 0.0506637 0.0884543 0.180453 0.314317 0.153685 0.0524541 0.0282872 0.100263 1
0.0314007 0.0487347 0.087547 0.186743 0.316479 0.153025 0.0495847 0.0270454 0.0994406 1
0.0305537 0.0452836 0.0861244 0.193218 0.327769 0.154951 0.0462993 0.0238263 0.0919747 1
0.0281756 0.0427879 0.0831254 0.201868 0.345914 0.151702 0.0431586 0.0202064 0.0830621 1
0.0277356 0.0403797 0.0807563 0.210398 0.357594 0.149076 0.0397497 0.0184341 0.0758765 1
0.0259723 0.0381643 0.0787911 0.208143 0.36474 0.156184 0.0387008 0.0180574 0.0712469 1
0.0268072 0.0409403 0.0812928 0.203936 0.352678 0.153429 0.0430803 0.0210986 0.0767385 1
0.0293963 0.0454373 0.0837433 0.196572 0.337921 0.152751 0.0459165 0.024411 0.0838518 1
0.0296495 0.046884 0.0843521 0.191846 0.334548 0.151581 0.0484604 0.0261984 0.08648 1
0.0279677 0.0433937 0.0824803 0.200931 0.345311 0.150134 0.0445662 0.0227865 0.0824291 1
0.0283505 0.042167 0.0822633 0.211293 0.356005 0.144016 0.0395206 0.0190158 0.0773685 1
0.0282721 0.041962 0.0811873 0.212237 0.365518 0.141348 0.0372812 0.0173038 0.0748909 1
0.026964 0.0390384 0.0771635 0.216779 0.384708 0.138521 0.0344449 0.0155044 0.0668764 1
0.0264275 0.0386375 0.0814284 0.207061 0.3569 0.156461 0.0403586 0.0191846 0.0735406 1
0.0270423 0.0414919 0.0823658 0.195551 0.346999 0.1587 0.0447199 0.0217165 0.0814134 1
0.0291281 0.0465676 0.085621 0.193308 0.330325 0.152823 0.0476707 0.0251224 0.0894338 1
0.0291311 0.0473 0.0841893 0.189643 0.33129 0.153094 0.0493013 0.0266837 0.0893675 1
0.0288026 0.046447 0.0837764 0.199047 0.338584 0.150689 0.0453318 0.0234887 0.0838337 1
0.0298394 0.0440357 0.0827396 0.206404 0.346692 0.147021 0.0409734 0.0207128 0.0815822 1
0.0294084 0.0440448 0.083472 0.209084 0.351339 0.144293 0.0400119 0.0193323 0.0790142 1
0.0287785 0.042601 0.080904 0.216562 0.358353 0.141499 0.0382216 0.0180845 0.0749964 1
0.0281907 0.0409945 0.0846806 0.200467 0.352087 0.155587 0.0416787 0.0188591 0.0774559 1
0.0295109 0.0433214 0.0858652 0.195635 0.337327 0.154059 0.0454343 0.0223796 0.086468 1
0.02996 0.0475743 0.0866729 0.184893 0.323245 0.155454 0.0505311 0.0264395 0.0952299 1
0.0313434 0.0502538 0.0883819 0.18281 0.315131 0.152962 0.0516131 0.0290859 0.0984188 1
0.0285343 0.0464802 0.0826341 0.190237 0.332453 0.15468 0.0489125 0.0259452 0.0901241 1
0.029321 0.0453288 0.0829385 0.196153 0.339774 0.152754 0.0453981 0.0231783 0.0851538 1
0.0289804 0.0440357 0.0818293 0.200274 0.348404 0.150285 0.0435595 0.0203993 0.0822332 1
0.029535 0.0439634 0.0822151 0.210365 0.354739 0.142714 0.0399095 0.0187627 0.0777965 1
0.0279888 0.0411965 0.0860731 0.197938 0.347979 0.154104 0.043888 0.0197754 0.0810577 1
0.0285313 0.0437494 0.0861244 0.188142 0.335922 0.156985 0.0480053 0.0232597 0.0892801 1
0.0308913 0.0488462 0.0875561 0.181315 0.32024 0.154378 0.0513389 0.026976 0.098458 1
0.0314339 0.0516583 0.0881679 0.178488 0.31171 0.152678 0.0537772 0.0298575 0.102229 1
0.0311807 0.0492411 0.0878695 0.183741 0.318486 0.153266 0.0501061 0.0273046 0.0988046 1
0.0299931 0.0466098 0.0866096 0.193359 0.328948 0.152365 0.0471734 0.0238354 0.0911067 1
0.0287423 0.0448284 0.0822603 0.199806 0.346146 0.150674 0.0435957 0.0210503 0.0828963 1
0.0291492 0.0417872 0.0807623 0.210588 0.35684 0.145619 0.0395327 0.0185969 0.0771243 1
0.0268464 0.0411181 0.0853648 0.191482 0.349374 0.155605 0.0471613 0.0204114 0.0826371 1
0.0294596 0.0454765 0.0885266 0.189721 0.3299 0.152124 0.0495545 0.0240735 0.0911639 1
0.0306683 0.0493737 0.089036 0.180188 0.315312 0.154032 0.0536868 0.0276391 0.100065 1
0.0314218 0.0506637 0.0884543 0.180453 0.314317 0.153685 0.0524541 0.0282872 0.100263 1
0.0314007 0.0487347 0.087547 0.186743 0.316479 0.153025 0.0495847 0.0270454 0.0994406 1
0.0305537 0.0452836 0.0861244 0.193218 0.327769 0.154951 0.0462993 0.0238263 0.0919747 1
0.0281756 0.0427879 0.0831254 0.201868 0.345914 0.151702 0.0431586 0.0202064 0.0830621 1
0.0277356 0.0403797 0.0807563 0.210398 0.357594 0.149076 0.0397497 0.0184341 0.0758765 1
0.0259723 0.0381643 0.0787911 0.208143 0.36474 0.156184 0.0387008 0.0180574 0.0712469 1
0.0268072 0.0409403 0.0812928 0.203936 0.352678 0.153429 0.0430803 0.0210986 0.0767385 1
0.0293963 0.0454373 0.0837433 0.196572 0.337921 0.152751 0.0459165 0.024411 0.0838518 1
0.0296495 0.046884 0.0843521 0.191846 0.334548 0.151581 0.0484604 0.0261984 0.08648 1
0.0279677 0.0433937 0.0824803 0.200931 0.345311 0.150134 0.0445662 0.0227865 0.0824291 1
0.0283505 0.042167 0.0822633 0.211293 0.356005 0.144016 0.0395206 0.0190158 0.0773685 1
0.0282721 0.041962 0.0811873 0.212237 0.365518 0.141348 0.0372812 0.0173038 0.0748909 1
0.026964 0.0390384 0.0771635 0.216779 0.384708 0.138521 0.0344449 0.0155044 0.0668764 1
0.0264275 0.0386375 0.0814284 0.207061 0.3569 0.156461 0.0403586 0.0191846 0.0735406 1
0.0270423 0.0414919 0.0823658 0.195551 0.346999 0.1587 0.0447199 0.0217165 0.0814134 1
0.0291281 0.0465676 0.085621 0.193308 0.330325 0.152823 0.0476707 0.0251224 0.0894338 1
0.0291311 0.0473 0.0841893 0.189643 0.33129 0.153094 0.0493013 0.0266837 0.0893675 1
0.0288026 0.046447 0.0837764 0.199047 0.338584 0.150689 0.0453318 0.0234887 0.0838337 1
0.0298394 0.0440357 0.0827396 0.206404 0.346692 0.147021 0.0409734 0.0207128 0.0815822 1
0.0294084 0.0440448 0.083472 0.209084 0.351339 0.144293 0.0400119 0.0193323 0.0790142 1
0.0287785 0.042601 0.080904 0.216562 0.358353 0.141499 0.0382216 0.0180845 0.0749964 1
0.0281907 0.0409945 0.0846806 0.200467 0.352087 0.155587 0.0416787 0.0188591 0.0774559 1
0.0295109 0.0433214 0.0858652 0.195635 0.337327 0.154059 0.0454343 0.0223796 0.086468 1
0.02996 0.0475743 0.0866729 0.184893 0.323245 0.155454 0.0505311 0.0264395 0.0952299 1
0.0313434 0.0502538 0.0883819 0.18281 0.315131 0.152962 0.0516131 0.0290859 0.0984188 1
0.0285343 0.0464802 0.0826341 0.190237 0.332453 0.15468 0.0489125 0.0259452 0.0901241 1
0.029321 0.0453288 0.0829385 0.196153 0.339774 0.152754 0.0453981 0.0231783 0.0851538 1
0.0289804 0.0440357 0.0818293 0.200274 0.348404 0.150285 0.0435595 0.0203993 0.0822332 1
0.029535 0.0439634 0.0822151 0.210365 0.354739 0.142714 0.0399095 0.0187627 0.0777965 1
0.0279888 0.0411965 0.0860731 0.197938 0.347979 0.154104 0.043888 0.0197754 0.0810577 1
0.0285313 0.0437494 0.0861244 0.188142 0.335922 0.156985 0.0480053 0.0232597 0.0892801 1
0.0308913 0.0488462 0.0875561 0.181315 0.32024 0.154378 0.0513389 0.026976 0.098458 1
0.0314339 0.0516583 0.0881679 0.178488 0.31171 0.152678 0.0537772 0.0298575 0.102229 1
0.0311807 0.0492411 0.0878695 0.183741 0.318486 0.153266 0.0501061 0.0273046 0.0988046 1
0.0299931 0.0466098 0.0866096 0.193359 0.328948 0.152365 0.0471734 0.0238354 0.0911067 1
0.0287423 0.0448284 0.0822603 0.199806 0.346146 0.150674 0.0435957 0.0210503 0.0828963 1
0.0291492 0.0417872 0.0807623 0.210588 0.35684 0.145619 0.0395327 0.0185969 0.0771243 1
0.0268464 0.0411181 0.0853648 0.191482 0.349374 0.155605 0.0471613 0.0204114 0.0826371 1
0.0294596 0.0454765 0.0885266 0.189721 0.3299 0.152124 0.0495545 0.0240735 0.0911639 1
0.0306683 0.0493737 0.089036 0.180188 0.315312 0.154032 0.0536868 0.0276391 0.100065 1
0.0314218 0.0506637 0.0884543 0.180453 0.314317 0.153685 0.0524541 0.0282872 0.100263 1
0.0314007 0.0487347 0.087547 0.186743 0.316479 0.153025 0.0495847 0.0270454 0.0994406 1
0.0305537 0.0452836 0.0861244 0.193218 0.327769 0.154951 0.0462993 0.0238263 0.0919747 1
0.0281756 0.0427879 0.0831254 0.201868 0.345914 0.151702 0.0431586 0.0202064 0.0830621 1
0.0277356 0.0403797 0.0807563 0.210398 0.357594 0.149076 0.0397497 0.0184341 0.0758765 1
0.0259723 0.0381643 0.0787911 0.208143 0.36474 0.156184 0.0387008 0.0180574 0.0712469 1
0.0268072 0.0409403 0.0812928 0.203936 0.352678 0.153429 0.0430803 0.0210986 0.0767385 1
0.0293963 0.0454373 0.0837433 0.196572 0.337921 0.152751 0.0459165 0.024411 0.0838518 1
0.0296495 0.046884 0.0843521 0.191846 0.334548 0.151581 0.0484604 0.0261984 0.08648 1
0.0279677 0.0433937 0.0824803 0.200931 0.345311 0.150134 0.0445662 0.0227865 0.0824291 1
0.0283505 0.042167 0.0822633 0.211293 0.356005 0.144016 0.0395206 0.0190158 0.0773685 1
0.0282721 0.041962 0.0811873 0.212237 0.365518 0.141348 0.0372812 0.0173038 0.0748909 1
0.026964 0.0390384 0.0771635 0.216779 0.384708 0.138521 0.0344449 0.0155044 0.0668764 1
0.0264275 0.0386375 0.0814284 0.207061 0.3569 0.156461 0.0403586 0.0191846 0.0735406 1
0.0270423 0.0414919 0.0823658 0.195551 0.346999 0.1587 0.0447199 0.0217165 0.0814134 1
0.0291281 0.0465676 0.085621 0.193308 0.330325 0.152823 0.0476707 0.0251224 0.0894338 1
0.0291311 0.0473 0.0841893 0.189643 0.33129 0.153094 0.0493013 0.0266837 0.0893675 1
0.0288026 0.046447 0.0837764 0.199047 0.338584 0.150689 0.0453318 0.0234887 0.0838337 1
0.0298394 0.0440357 0.0827396 0.206404 0.346692 0.147021 0.0409734 0.0207128 0.0815822 1
0.0294084 0.0440448 0.083472 0.209084 0.351339 0.144293 0.0400119 0.0193323 0.0790142 1
0.0287785 0.042601 0.080904 0.216562 0.358353 0.141499 0.0382216 0.0180845 0.0749964 1
0.0281907 0.0409945 0.0846806 0.200467 0.352087 0.155587 0.0416787 0.0188591 0.0774559 1
0.0295109 0.0433214 0.0858652 0.195635 0.337327 0.154059 0.0454343 0.0223796 0.086468 1
0.02996 0.0475743 0.0866729 0.184893 0.323245 0.155454 0.0505311 0.0264395 0.0952299 1
0.0313434 0.0502538 0.0883819 0.18281 0.315131 0.152962 0.0516131 0.0290859 0.0984188 1
0.0285343 0.0464802 0.0826341 0.190237 0.332453 0.15468 0.0489125 0.0259452 0.0901241 1
0.029321 0.0453288 0.0829385 0.196153 0.339774 0.152754 0.0453981 0.0231783 0.0851538 1
0.0289804 0.0440357 0.0818293 0.200274 0.348404 0.150285 0.0435595 0.0203993 0.0822332 1
0.029535 0.0439634 0.0822151 0.210365 0.354739 0.142714 0.0399095 0.0187627 0.0777965 1
0.0279888 0.0411965 0.0860731 0.197938 0.347979 0.154104 0.043888 0.0197754 0.0810577 1
0.0285313 0.0437494 0.0861244 0.188142 0.335922 0.156985 0.0480053 0.0232597 0.0892801 1
0.0308913 0.0488462 0.0875561 0.181315 0.32024 0.154378 0.0513389 0.026976 0.098458 1
0.0314339 0.0516583 0.0881679 0.178488 0.31171 0.152678 0.0537772 0.0298575 0.102229 1
0.0311807 0.0492411 0.0878695 0.183741 0.318486 0.153266 0.0501061 0.0273046 0.0988046 1
0.0299931 0.0466098 0.0866096 0.193359 0.328948 0.152365 0.0471734 0.0238354 0.0911067 1
0.0287423 0.0448284 0.0822603 0.199806 0.346146 0.150674 0.0435957 0.0210503 0.0828963 1
0.0291492 0.0417872 0.0807623 0.210588 0.35684 0.145619 0.0395327 0.0185969 0.0771243 1
0.0268464 0.0411181 0.0853648 0.191482 0.349374 0.155605 0.0471613 0.0204114 0.0826371 1
0.0294596 0.0454765 0.0885266 0.189721 0.3299 0.152124 0.0495545 0.0240735 0.0911639 1
0.0306683 0.0493737 0.089036 0.180188 0.315312 0.154032 0.0536868 0.0276391 0.100065 1
0.0314218 0.0506637 0.0884543 0.180453 0.314317 0.153685 0.0524541 0.0282872 0.100263 1
0.0314007 0.0487347 0.087547 0.186743 0.316479 0.153025 0.0495847 0.0270454 0.0994406 1
0.0305537 0.0452836 0.0861244 0.193218 0.327769 0.154951 0.0462993 0.0238263 0.0919747 1
0.0281756 0.0427879 0.0831254 0.201868 0.345914 0.151702 0.0431586 0.0202064 0.0830621 1
0.0277356 0.0403797 0.0807563 0.210398 0.357594 0.149076 0.0397497 0.0184341 0.0758765 1
0.0259723 0.0381643 0.0787911 0.208143 0.36474 0.156184 0.0387008 0.0180574 0.0712469 1
0.0268072 0.0409403 0.0812928 0.203936 0.352678 0.153429 0.0430803 0.0210986 0.0767385 1
0.0293963 0.0454373 0.0837433 0.196572 0.337921 0.152751 0.0459165 0.024411 0.0838518 1
0.0296495 0.046884 0.0843521 0.191846 0.334548 0.151581 0.0484604 0.0261984 0.08648 1
0.0279677 0.0433937 0.0824803 0.200931 0.345311 0.150134 0.0445662 0.0227865 0.0824291 1
0.0283505 0.042167 0.0822633 0.211293 0.356005 0.144016 0.0395206 0.0190158 0.0773685 1
0.0282721 0.041962 0.0811873 0.212237 0.365518 0.141348 0.0372812 0.0173038 0.0748909 1
0.026964 0.0390384 0.0771635 0.216779 0.384708 0.138521 0.0344449 0.0155044 0.0668764 1
0.0264275 0.0386375 0.0814284 0.207061 0.3569 0.156461 0.0403586 0.0191846 0.0735406 1
0.0270423 0.0414919 0.0823658 0.195551 0.346999 0.1587 0.0447199 0.0217165 0.0814134 1
0.0291281 0.0465676 0.085621 0.193308 0.330325 0.152823 0.0476707 0.0251224 0.0894338 1
0.0291311 0.0473 0.0841893 0.189643 0.33129 0.153094 0.0493013 0.0266837 0.0893675 1
0.0288026 0.046447 0.0837764 0.199047 0.338584 0.150689 0.0453318 0.0234887 0.0838337 1
0.0298394 0.0440357 0.0827396 0.206404 0.346692 0.147021 0.0409734 0.0207128 0.0815822 1
0.0294084 0.0440448 0.083472 0.209084 0.351339 0.144293 0.0400119 0.0193323 0.0790142 1
0.0287785 0.042601 0.080904 0.216562 0.358353 0.141499 0.0382216 0.0180845 0.0749964 1
0.0281907 0.0409945 0.0846806 0.200467 0.352087 0.155587 0.0416787 0.0188591 0.0774559 1
0.0295109 0.0433214 0.0858652 0.195635 0.337327 0.154059 0.0454343 0.0223796 0.086468 1
0.02996 0.0475743 0.0866729 0.184893 0.323245 0.155454 0.0505311 0.0264395 0.0952299 1
0.0313434 0.0502538 0.0883819 0.18281 0.315131 0.152962 0.0516131 0.0290859 0.0984188 1
0.0285343 0.0464802 0.0826341 0.190237 0.332453 0.15468 0.0489125 0.0259452 0.0901241 1
0.029321 0.0453288 0.0829385 0.196153 0.339774 0.152754 0.0453981 0.0231783 0.0851538 1
0.0289804 0.0440357 0.0818293 0.200274 0.348404 0.150285 0.0435595 0.0203993 0.0822332 1
0.029535 0.0439634 0.0822151 0.210365 0.354739 0.142714 0.0399095 0.0187627 0.0777965 1
0.0279888 0.0411965 0.0860731 0.197938 0.347979 0.154104 0.043888 0.0197754 0.0810577 1
0.0285313 0.0437494 0.0861244 0.188142 0.335922 0.156985 0.0480053 0.0232597 0.0892801 1
0.0308913 0.0488462 0.0875561 0.181315 0.32024 0.154378 0.0513389 0.026976 0.098458 1
0.0314339 0.0516583 0.0881679 0.178488 0.31171 0.152678 0.0537772 0.0298575 0.102229 1
0.0311807 0.0492411 0.0878695 0.183741 0.318486 0.153266 0.0501061 0.0273046 0.0988046 1
0.0299931 0.0466098 0.0866096 0.193359 0.328948 0.152365 0.0471734 0.0238354 0.0911067 1
0.0287423 0.0448284 0.0822603 0.199806 0.346146 0.150674 0.0435957 0.0210503 0.0828963 1
0.0291492 0.0417872 0.0807623 0.210588 0.35684 0.145619 0.0395327 0.0185969 0.0771243 1
0.0268464 0.0411181 0.0853648 0.191482 0.349374 0.155605 0.0471613 0.0204114 0.0826371 1
0.0294596 0.0454765 0.0885266 0.189721 0.3299 0.152124 0.0495545 0.0240735 0.0911639 1
0.0306683 0.0493737 0.089036 0.180188 0.315312 0.154032 0.0536868 0.0276391 0.100065 1
0.0314218 0.0506637 0.0884543 0.180453 0.314317 0.153685 0.0524541 0.0282872 0.100263 1
0.0314007 0.0487347 0.087547 0.186743 0.316479 0.153025 0.0495847 0.0270454 0.0994406 1
0.0305537 0.0452836 0.0861244 0.193218 0.327769 0.154951 0.0462993 0.0238263 0.0919747 1
0.0281756 0.0427879 0.0831254 0.201868 0.345914 0.151702 0.0431586 0.0202064 0.0830621 1
0.0277356 0.0403797 0.0807563 0.210398 0.357594 0.149076 0.0397497 0.0184341 0.0758765 1
